47
26_1734154_1736986_Bicyclus_anynana_Bicyclus_anynana                    0.0000000 4.9322410 7.6550862 8.9999980 6.7320020 9.0000000 8.1169039 7.1236024 7.2275986 7.0750911 5.6817558 5.3322771 5.4075331 4.2871839 7.7086543 5.5539447 8.9999983 5.5492395 7.2323885 5.6301356 5.0386518 3.5310620 4.5021031 4.7247453 3.7898326 3.3693776 4.1356326 5.2231384 5.6055633 5.2242250 5.1946179 5.0631498 5.1975333 6.3635637 4.9425398 4.4867467 4.0053372 4.8180694 4.8585212 4.7968293 4.7933306 4.1821742 4.4212308 4.3231865 4.8179773 5.4913060 6.0994369 
Hmel219001o_12473769_12791778_Heliconius_melpomene_Heliconius_melpomene 4.9322410 0.0000000 1.9953989 1.9462541 0.7899136 1.3492161 1.8852813 1.3375051 1.5578206 1.8177701 1.9476970 1.9595112 1.6632770 2.0099477 1.5222843 2.6433380 1.5898112 1.6232851 1.2868376 5.0708570 4.6880203 5.9745792 3.9585908 4.1008433 3.3242514 5.6196564 3.6080922 4.3313466 4.8535981 3.6340774 3.6671765 3.8988668 3.9558836 2.1279270 3.9248699 4.1659465 3.8836954 4.2392842 3.9863352 3.3510940 3.9632450 3.5363799 3.1429816 3.6886444 6.8755861 5.1657712 5.4323869 
17_9940091_10139416_Bicyclus_anynana_Bicyclus_anynana                   7.6550862 1.9953989 0.0000000 2.1085161 0.9090171 0.7658403 1.2071916 0.6946243 0.9087809 1.6327757 1.6384313 1.7589286 0.9513625 1.5664630 2.0262860 1.4139684 1.4724172 1.7239573 0.9164618 6.3229840 4.3394928 4.8978095 5.5719047 4.8350815 4.7621539 4.5664627 4.2351708 3.9772030 4.8088850 3.8482210 3.9003082 4.1698733 3.9553988 1.1616900 3.9267850 4.4985362 3.9068009 4.2409823 3.9813792 3.2849973 4.0447597 3.4094912 3.1844154 3.6898680 5.1561758 4.6133817 4.0473509 
4_2949442_2950575_Danaus_plexippus_Danaus_plexippus                     8.9999980 1.9462541 2.1085161 0.0000000 0.9210583 1.0680904 1.4834946 0.9085415 1.2064870 2.1229190 1.9041513 1.8908461 0.9496418 1.8328311 1.6949743 2.0870619 1.8240674 1.6262833 0.7732484 6.2125443 6.1975323 9.0000000 7.5424697 6.4944194 6.4907506 9.0000000 4.7099490 7.1794079 5.6473541 5.1814624 5.4960219 4.9728875 5.1710582 1.7667036 5.3944899 6.7599724 4.9706925 6.9155186 5.8709049 5.7975977 7.0877561 5.9125674 5.4819511 6.1947629 4.9343341 5.1771696 4.4201860 
Hdem.Herato1910_447828_521981_Heliconius_erato_Heliconius_erato         6.7320020 0.7899136 0.9090171 0.9210583 0.0000000 0.6802340 0.5230711 0.5700951 0.5700951 0.7234616 0.8455396 0.9779333 0.7048773 0.7148310 0.8304977 1.2342904 0.7595382 0.7040196 0.6653643 4.8346835 6.6884614 8.6519000 9.0000000 5.7676232 7.3928050 7.3279730 5.4687713 4.5397537 5.4837617 4.7595749 4.7595749 4.5849593 6.0829018 1.0683876 6.2645043 4.7386329 4.2226194 5.6958298 5.0539182 3.6305145 3.4960700 3.9372824 3.6777417 3.4242019 7.5540879 7.0107815 5.3152590 
Hmel204001o_5259657_5261873_Heliconius_melpomene_Heliconius_melpomene   9.0000000 1.3492161 0.7658403 1.0680904 0.6802340 0.0000000 0.3652102 0.2782460 0.2782460 0.7629272 0.9957197 1.2037176 1.1110271 1.1704158 0.8682548 1.1483418 1.1394981 0.9343704 1.0067941 8.7889361 4.5530000 4.9857330 9.0000000 6.7706232 8.9999982 8.9999986 7.1472375 6.3562839 5.7941479 6.7922907 6.7922907 5.7437584 6.8296745 1.6566760 7.2245789 6.0128745 5.5599012 8.0398339 6.5150116 5.4251059 4.7650301 5.5363422 5.0972247 4.7547179 8.9999989 9.0000000 6.4541439 
17_10136128_10138102_Bicyclus_anynana_Bicyclus_anynana                  8.1169039 1.8852813 1.2071916 1.4834946 0.5230711 0.3652102 0.0000000 0.1795352 0.3295385 1.1767476 1.1417561 1.4345790 0.5754803 1.1511326 1.7212220 1.7245151 1.2586297 1.5038013 0.6160525 7.9383425 5.7670738 7.5100816 9.0000000 8.4873487 9.0000000 6.4400512 8.2195814 5.8721183 5.8149324 6.8977352 6.7767250 7.0074961 6.9781353 1.5993765 6.9944114 7.8569878 7.7099884 8.8558681 7.2133837 6.3660082 5.8537645 6.4060625 5.8915558 4.8763607 9.0000000 8.6581597 6.9857630 
Hdem.Herato0411_2654010_2658804_Heliconius_erato_Heliconius_erato       7.1236024 1.3375051 0.6946243 0.9085415 0.5700951 0.2782460 0.1795352 0.0000000 0.0000010 0.7235774 0.8186053 1.0371550 0.8062886 0.8461616 0.8826635 1.3496320 0.9066142 0.9381570 0.7178466 8.1148995 5.6515993 7.2138855 9.0000000 6.1425641 8.9999988 8.9999986 7.1868004 5.6520948 5.4065442 6.0530534 6.0530534 6.1796448 6.6585310 1.2098816 7.0109952 6.3997985 6.0463613 6.8469147 5.7638901 4.6771157 4.2265588 4.8260624 4.6728148 4.1381703 8.9999990 7.3787967 6.3061634 
4_7088664_7091110_Heliconius_sara_Heliconius_sara                       7.2275986 1.5578206 0.9087809 1.2064870 0.5700951 0.2782460 0.3295385 0.0000010 0.0000000 0.8800116 1.0147005 1.1762824 0.8062886 0.9925936 1.0979050 1.5509970 1.0622871 1.0687973 0.7178466 8.7906666 5.5342978 6.9626353 7.2404170 5.3338168 6.3980272 6.0183668 6.1427603 4.6920238 5.4065442 5.0015685 5.0015685 6.5674609 5.7721196 1.3545394 5.9508362 5.4873608 5.2519885 5.4176508 4.9203280 4.3760272 4.0168897 4.4052660 4.6775869 3.8821987 8.9999984 6.7492015 6.0035671 
10_4647969_4648622_Bicyclus_anynana_Bicyclus_anynana                    7.0750911 1.8177701 1.6327757 2.1229190 0.7234616 0.7629272 1.1767476 0.7235774 0.8800116 0.0000000 1.1225294 1.4544710 0.7012214 1.2271246 1.4034095 1.9489731 1.2351039 1.3010927 0.7968915 5.4973981 4.4479677 4.2351671 8.9999988 5.3127203 7.3219343 9.0000000 4.4167870 6.0605424 3.7099319 4.4571927 4.5480321 4.1928723 4.0450465 1.6026578 4.6453544 3.6233320 4.6693425 4.8744747 4.4931199 4.2613173 4.8089827 4.7185582 4.2667570 5.6667257 8.2192630 6.4252532 5.1744133 
14_9790506_9795341_Bicyclus_anynana_Bicyclus_anynana                    5.6817558 1.9476970 1.6384313 1.9041513 0.8455396 0.9957197 1.1417561 0.8186053 1.0147005 1.1225294 0.0000000 0.7314480 0.2466005 0.4502014 1.4463772 1.6266035 1.0359061 1.3776252 0.7289876 4.2031144 4.9428878 4.1493765 8.9999990 6.4380929 7.2290730 6.0203883 5.7189096 6.1747121 4.8953589 5.7299755 5.6813059 5.9504594 5.9265846 1.5600630 5.9512252 6.8343001 4.8648485 6.4270766 5.7023683 5.2596562 5.1027393 5.2307447 5.1212377 4.9616110 6.0025580 8.9999984 6.7818262 
Hmel212001o_12442158_12444063_Heliconius_melpomene_Heliconius_melpomene 5.3322771 1.9595112 1.7589286 1.8908461 0.9779333 1.2037176 1.4345790 1.0371550 1.1762824 1.4544710 0.7314480 0.0000000 0.1921182 0.4980066 1.5694377 2.1885069 1.3811673 1.1491271 0.8217909 5.5917768 8.1865829 6.8869802 8.9999989 6.2209197 7.6817062 7.9356862 7.9709627 6.5514001 5.7474471 5.6691493 6.0539772 6.3647197 6.9554147 1.8955976 7.1640216 5.1577704 5.4686150 7.3296164 6.4017533 4.5433313 4.8791500 4.3908157 3.9310935 5.2531733 6.8984694 9.0000000 8.9187116 
Hdem.Herato1202_15814310_15816301_Heliconius_erato_Heliconius_erato     5.4075331 1.6632770 0.9513625 0.9496418 0.7048773 1.1110271 0.5754803 0.8062886 0.8062886 0.7012214 0.2466005 0.1921182 0.0000000 0.0144147 0.8889819 1.4840944 0.7326416 0.7932201 0.6028975 6.5351251 6.4691743 6.6164196 9.0000000 7.0771038 8.9999980 8.9999987 6.7359765 5.3092525 4.9637225 5.8327926 5.8327926 6.6341890 7.0297720 1.2683399 7.3780791 5.5471561 5.2556016 7.0669308 6.0222690 5.0562223 5.1126477 5.8556787 5.2789707 4.9903665 7.0034535 6.8897245 5.0879406 
12_15302160_15303806_Heliconius_sara_Heliconius_sara                    4.2871839 2.0099477 1.5664630 1.8328311 0.7148310 1.1704158 1.1511326 0.8461616 0.9925936 1.2271246 0.4502014 0.4980066 0.0144147 0.0000000 1.5430310 1.8726833 1.1576343 1.2337834 0.6346548 3.5700825 8.7302857 9.0000000 7.3584798 6.8510141 3.7295475 6.3957475 6.3064364 5.3768947 4.5602356 5.4761214 5.1026505 7.3691475 7.3581127 1.7828613 7.0719170 5.6644972 5.5904357 6.8459511 6.1022604 5.4246853 6.1818473 5.7274195 5.3168166 5.3843292 6.8558058 5.3874754 4.9292303 
25_5192027_5193183_Bicyclus_anynana_Bicyclus_anynana                    7.7086543 1.5222843 2.0262860 1.6949743 0.8304977 0.8682548 1.7212220 0.8826635 1.0979050 1.4034095 1.4463772 1.5694377 0.8889819 1.5430310 0.0000000 2.0398578 1.1288120 1.2291657 0.7246507 5.9268458 4.8134210 7.9729555 8.9999990 5.4774832 7.6596832 6.0488457 3.8609914 5.0907705 5.6391464 3.9839968 3.9821972 3.6412576 4.6114886 1.5479160 4.0474600 4.6584361 4.6907325 4.3909760 4.0180746 4.4825723 4.5311053 4.9780808 4.5913569 4.8707110 4.9413724 6.4022127 5.8089083 
4_4514840_4519652_Danaus_plexippus_Danaus_plexippus                     5.5539447 2.6433380 1.4139684 2.0870619 1.2342904 1.1483418 1.7245151 1.3496320 1.5509970 1.9489731 1.6266035 2.1885069 1.4840944 1.8726833 2.0398578 0.0000000 1.6701295 1.7331700 1.1545026 5.8957187 6.2687520 6.6396148 9.0000000 5.1239027 6.5099196 8.5651475 4.7894839 5.9650477 4.7043161 4.2121812 4.3184021 4.3877679 4.1537334 1.3392146 4.0729131 4.6018317 4.1784779 5.0699381 4.6976339 4.8270513 5.7962439 4.9045125 4.4266946 5.6777254 8.9999987 7.4079628 5.4367098 
19_16219686_16222573_Heliconius_sara_Heliconius_sara                    8.9999983 1.5898112 1.4724172 1.8240674 0.7595382 1.1394981 1.2586297 0.9066142 1.0622871 1.2351039 1.0359061 1.3811673 0.7326416 1.1576343 1.1288120 1.6701295 0.0000000 0.6383826 0.1604576 5.0562479 4.2788581 5.7900948 5.5208538 4.9060269 5.2171110 4.3826337 5.1116627 4.7525905 5.5261936 4.2146082 4.1561955 4.0203639 4.6904510 1.0115646 4.7617553 5.1547437 3.9003805 4.6394588 4.3551104 4.6734452 4.5331059 4.5542246 4.4469722 4.5101175 5.4820733 5.0856213 4.2364818 
Hmel219001o_12886927_12890226_Heliconius_melpomene_Heliconius_melpomene 5.5492395 1.6232851 1.7239573 1.6262833 0.7040196 0.9343704 1.5038013 0.9381570 1.0687973 1.3010927 1.3776252 1.1491271 0.7932201 1.2337834 1.2291657 1.7331700 0.6383826 0.0000000 0.2052566 5.9276430 4.2994866 6.0622913 9.0000000 7.8341848 7.5128064 8.9999984 5.9381382 7.1534172 5.9003067 6.1058860 6.1699847 5.5833716 6.6195677 1.4007381 6.5086794 5.6466512 5.4476255 7.1595664 6.2691379 6.1469463 5.9346173 5.5580969 5.3684279 5.6916957 6.8337192 7.4167822 5.2122834 
Hdem.Herato1910_598751_601898_Heliconius_erato_Heliconius_erato         7.2323885 1.2868376 0.9164618 0.7732484 0.6653643 1.0067941 0.6160525 0.7178466 0.7178466 0.7968915 0.7289876 0.8217909 0.6028975 0.6346548 0.7246507 1.1545026 0.1604576 0.2052566 0.0000000 5.3817253 4.2087897 7.5842745 9.0000000 7.9136527 9.0000000 9.0000000 6.4550640 5.2089346 5.4103877 5.6697437 5.6697437 5.8065219 6.9864929 0.8560670 6.7515706 5.7025082 4.6893188 6.8829060 5.8432714 5.4793121 4.5746733 5.5219752 5.5843712 4.5492084 8.9999983 7.2562219 5.2479953 
JAEQBL010000005.1_3237952_3239684_Danaus_plexippus_Danaus_plexippus     5.6301356 5.0708570 6.3229840 6.2125443 4.8346835 8.7889361 7.9383425 8.1148995 8.7906666 5.4973981 4.2031144 5.5917768 6.5351251 3.5700825 5.9268458 5.8957187 5.0562479 5.9276430 5.3817253 0.0000000 5.3061012 6.0744666 1.4522184 1.9910587 1.2810001 1.7445788 1.8622746 2.0623217 2.0711280 1.7312465 1.7206837 1.6098681 1.8003980 2.1372449 1.7640240 1.8700821 1.7562390 1.8091681 1.7539401 1.7995733 1.9976975 1.8044557 1.7112206 1.9055818 2.3623194 1.5369637 2.3251404 
Hmel203003o_7514658_7515355_Heliconius_melpomene_Heliconius_melpomene   5.0386518 4.6880203 4.3394928 6.1975323 6.6884614 4.5530000 5.7670738 5.6515993 5.5342978 4.4479677 4.9428878 8.1865829 6.4691743 8.7302857 4.8134210 6.2687520 4.2788581 4.2994866 4.2087897 5.3061012 0.0000000 0.2202034 8.9999984 2.5558895 8.9999987 7.7205422 1.7272891 2.4356912 1.9251258 2.1110133 2.0660719 1.7980998 1.9338413 4.2229479 1.9229691 2.3815323 1.9991777 2.1689167 2.1689167 1.9916764 2.0039993 2.0958431 1.9490137 2.2725833 5.0962813 8.9999985 5.0855909 
Hdem.Herato0310_6125543_6127103_Heliconius_erato_Heliconius_erato       3.5310620 5.9745792 4.8978095 9.0000000 8.6519000 4.9857330 7.5100816 7.2138855 6.9626353 4.2351671 4.1493765 6.8869802 6.6164196 9.0000000 7.9729555 6.6396148 5.7900948 6.0622913 7.5842745 6.0744666 0.2202034 0.0000000 8.9999990 2.4771891 8.9999985 5.4057483 1.7112452 2.0780218 1.5096769 1.9604205 1.9121056 1.7208283 1.6849506 4.3707996 1.6807140 2.0529213 1.8752489 1.9709679 1.9709679 2.0622185 1.7730546 1.9928271 1.8666155 2.1053650 6.6813593 8.9999988 6.2308853 
4_2910901_2917354_Danaus_plexippus_Danaus_plexippus                     4.5021031 3.9585908 5.5719047 7.5424697 9.0000000 9.0000000 9.0000000 9.0000000 7.2404170 8.9999988 8.9999990 8.9999989 9.0000000 7.3584798 8.9999990 9.0000000 5.5208538 9.0000000 9.0000000 1.4522184 8.9999984 8.9999990 0.0000000 1.2078738 0.4208829 0.5052117 0.9173447 0.8110372 1.4000443 0.7335733 0.7367691 0.9910407 0.8531832 1.4446437 0.7607923 0.8241855 0.8389323 0.8872751 0.8983383 0.7987124 1.0101744 0.9034566 0.9970955 0.9793304 1.1440051 0.9881466 1.0577725 
25_5208105_5208467_Bicyclus_anynana_Bicyclus_anynana                    4.7247453 4.1008433 4.8350815 6.4944194 5.7676232 6.7706232 8.4873487 6.1425641 5.3338168 5.3127203 6.4380929 6.2209197 7.0771038 6.8510141 5.4774832 5.1239027 4.9060269 7.8341848 7.9136527 1.9910587 2.5558895 2.4771891 1.2078738 0.0000000 1.1001786 1.2953332 1.2534887 0.9470862 1.3470832 0.6941913 0.6999840 0.9070656 0.8482081 1.5153343 0.8601047 0.6376518 0.6919417 0.5224139 0.5258926 0.6402348 0.6989976 0.5862342 0.6743027 0.8115213 1.5327739 1.2816877 1.5880987 
Hmel219001o_12794124_12797499_Heliconius_melpomene_Heliconius_melpomene 3.7898326 3.3242514 4.7621539 6.4907506 7.3928050 8.9999982 9.0000000 8.9999988 6.3980272 7.3219343 7.2290730 7.6817062 8.9999980 3.7295475 7.6596832 6.5099196 5.2171110 7.5128064 9.0000000 1.2810001 8.9999987 8.9999985 0.4208829 1.1001786 0.0000000 0.3248185 0.9394586 0.7672680 1.1124580 0.7001930 0.7091373 0.9380772 0.7617602 1.3881080 0.6726125 0.6923236 0.7272997 0.8135091 0.7786246 0.7704242 0.9011034 0.7931105 0.8501536 0.8273735 1.0898411 1.1465813 1.0739165 
Hdem.Herato1910_471485_475099_Heliconius_erato_Heliconius_erato         3.3693776 5.6196564 4.5664627 9.0000000 7.3279730 8.9999986 6.4400512 8.9999986 6.0183668 9.0000000 6.0203883 7.9356862 8.9999987 6.3957475 6.0488457 8.5651475 4.3826337 8.9999984 9.0000000 1.7445788 7.7205422 5.4057483 0.5052117 1.2953332 0.3248185 0.0000000 0.9166417 0.7460670 1.0460155 0.6978548 0.6867368 0.9217978 0.7792630 1.5642105 0.6777446 0.6473835 0.7477107 0.8891638 0.8466712 0.7811278 0.8405332 0.8124349 0.8799948 0.7950590 1.2115794 1.3333326 1.1851563 
9_11893838_11906109_Bicyclus_anynana_Bicyclus_anynana                   4.1356326 3.6080922 4.2351708 4.7099490 5.4687713 7.1472375 8.2195814 7.1868004 6.1427603 4.4167870 5.7189096 7.9709627 6.7359765 6.3064364 3.8609914 4.7894839 5.1116627 5.9381382 6.4550640 1.8622746 1.7272891 1.7112452 0.9173447 1.2534887 0.9394586 0.9166417 0.0000000 0.7597130 0.7425983 0.5418280 0.5760087 0.5971180 0.4308098 1.4329342 0.3915496 0.9416332 0.8297758 0.8125630 0.7898554 0.8136742 0.8129472 0.7890897 0.8223761 0.8747661 1.4627448 1.0919229 1.3467686 
Hdem.Herato1908_1594398_1597449_Heliconius_erato_Heliconius_erato       5.2231384 4.3313466 3.9772030 7.1794079 4.5397537 6.3562839 5.8721183 5.6520948 4.6920238 6.0605424 6.1747121 6.5514001 5.3092525 5.3768947 5.0907705 5.9650477 4.7525905 7.1534172 5.2089346 2.0623217 2.4356912 2.0780218 0.8110372 0.9470862 0.7672680 0.7460670 0.7597130 0.0000000 0.2976563 0.1258274 0.1245132 0.6756020 0.4831520 1.6009921 0.4914758 0.7070194 0.6692680 0.5216881 0.5021759 0.6146849 0.5229708 0.5768002 0.6135582 0.3130075 1.5673359 1.1682179 1.3212414 
19_14542867_14545010_Heliconius_sara_Heliconius_sara                    5.6055633 4.8535981 4.8088850 5.6473541 5.4837617 5.7941479 5.8149324 5.4065442 5.4065442 3.7099319 4.8953589 5.7474471 4.9637225 4.5602356 5.6391464 4.7043161 5.5261936 5.9003067 5.4103877 2.0711280 1.9251258 1.5096769 1.4000443 1.3470832 1.1124580 1.0460155 0.7425983 0.2976563 0.0000000 0.3107993 0.3107993 0.8942823 0.6332980 2.5588172 0.6706005 1.0438912 0.9146657 0.8648735 0.8311149 0.9100820 0.8265679 0.8129226 0.8105522 0.8043623 2.2446055 1.1943797 1.7045556 
Hmel219001o_11482073_11485032_Heliconius_melpomene_Heliconius_melpomene 5.2242250 3.6340774 3.8482210 5.1814624 4.7595749 6.7922907 6.8977352 6.0530534 5.0015685 4.4571927 5.7299755 5.6691493 5.8327926 5.4761214 3.9839968 4.2121812 4.2146082 6.1058860 5.6697437 1.7312465 2.1110133 1.9604205 0.7335733 0.6941913 0.7001930 0.6978548 0.5418280 0.1258274 0.3107993 0.0000000 0.0202841 0.4169718 0.2919823 0.9847162 0.2958844 0.5258403 0.4975576 0.3972616 0.3821661 0.4699039 0.5050737 0.4407081 0.4639386 0.5187033 1.3309938 0.8378319 1.1261944 
9_9009342_9017866_Bicyclus_anynana_Bicyclus_anynana                     5.1946179 3.6671765 3.9003082 5.4960219 4.7595749 6.7922907 6.7767250 6.0530534 5.0015685 4.5480321 5.6813059 6.0539772 5.8327926 5.1026505 3.9821972 4.3184021 4.1561955 6.1699847 5.6697437 1.7206837 2.0660719 1.9121056 0.7367691 0.6999840 0.7091373 0.6867368 0.5760087 0.1245132 0.3107993 0.0202841 0.0000000 0.4195390 0.2935405 0.9941770 0.2974877 0.5424478 0.4803477 0.4050041 0.3897256 0.4523215 0.5018450 0.4242478 0.4465052 0.5137576 1.3286180 0.7736872 1.1411212 
9_11976956_11979833_Bicyclus_anynana_Bicyclus_anynana                   5.0631498 3.8988668 4.1698733 4.9728875 4.5849593 5.7437584 7.0074961 6.1796448 6.5674609 4.1928723 5.9504594 6.3647197 6.6341890 7.3691475 3.6412576 4.3877679 4.0203639 5.5833716 5.8065219 1.6098681 1.7980998 1.7208283 0.9910407 0.9070656 0.9380772 0.9217978 0.5971180 0.6756020 0.8942823 0.4169718 0.4195390 0.0000000 0.3095503 0.8871559 0.2788069 0.6096702 0.5191072 0.4988774 0.4816389 0.4972611 0.6016288 0.5169217 0.4855590 0.5951327 1.3052005 0.9080520 1.2330903 
4_3035137_3035556_Danaus_plexippus_Danaus_plexippus                     5.1975333 3.9558836 3.9553988 5.1710582 6.0829018 6.8296745 6.9781353 6.6585310 5.7721196 4.0450465 5.9265846 6.9554147 7.0297720 7.3581127 4.6114886 4.1537334 4.6904510 6.6195677 6.9864929 1.8003980 1.9338413 1.6849506 0.8531832 0.8482081 0.7617602 0.7792630 0.4308098 0.4831520 0.6332980 0.2919823 0.2935405 0.3095503 0.0000000 0.8708627 0.0757093 0.5839965 0.5974048 0.4669237 0.4503231 0.6032058 0.6574529 0.5725701 0.5644483 0.6832704 1.4544685 0.9668928 1.2083222 
19_16088965_16222519_Heliconius_sara_Heliconius_sara                    6.3635637 2.1279270 1.1616900 1.7667036 1.0683876 1.6566760 1.5993765 1.2098816 1.3545394 1.6026578 1.5600630 1.8955976 1.2683399 1.7828613 1.5479160 1.3392146 1.0115646 1.4007381 0.8560670 2.1372449 4.2229479 4.3707996 1.4446437 1.5153343 1.3881080 1.5642105 1.4329342 1.6009921 2.5588172 0.9847162 0.9941770 0.8871559 0.8708627 0.0000000 0.8557928 1.4055047 1.2905400 1.2151953 1.1791300 1.4331038 1.7479372 1.3748164 1.3768195 1.8636396 1.7518568 1.1710301 1.7125883 
9_11911587_11959553_Bicyclus_anynana_Bicyclus_anynana                   4.9425398 3.9248699 3.9267850 5.3944899 6.2645043 7.2245789 6.9944114 7.0109952 5.9508362 4.6453544 5.9512252 7.1640216 7.3780791 7.0719170 4.0474600 4.0729131 4.7617553 6.5086794 6.7515706 1.7640240 1.9229691 1.6807140 0.7607923 0.8601047 0.6726125 0.6777446 0.3915496 0.4914758 0.6706005 0.2958844 0.2974877 0.2788069 0.0757093 0.8557928 0.0000000 0.5953636 0.6050255 0.5105374 0.4930264 0.6101229 0.6629181 0.5717711 0.5847935 0.6823340 1.4352313 0.9735977 1.2020374 
26_1782282_1782689_Bicyclus_anynana_Bicyclus_anynana                    4.4867467 4.1659465 4.4985362 6.7599724 4.7386329 6.0128745 7.8569878 6.3997985 5.4873608 3.6233320 6.8343001 5.1577704 5.5471561 5.6644972 4.6584361 4.6018317 5.1547437 5.6466512 5.7025082 1.8700821 2.3815323 2.0529213 0.8241855 0.6376518 0.6923236 0.6473835 0.9416332 0.7070194 1.0438912 0.5258403 0.5424478 0.6096702 0.5839965 1.4055047 0.5953636 0.0000000 0.4640074 0.4289276 0.4134095 0.5425053 0.5303469 0.4562195 0.4646578 0.5451778 1.1326065 0.9671906 1.1093578 
JAEQBL010000033.1_829243_833250_Danaus_plexippus_Danaus_plexippus       4.0053372 3.8836954 3.9068009 4.9706925 4.2226194 5.5599012 7.7099884 6.0463613 5.2519885 4.6693425 4.8648485 5.4686150 5.2556016 5.5904357 4.6907325 4.1784779 3.9003805 5.4476255 4.6893188 1.7562390 1.9991777 1.8752489 0.8389323 0.6919417 0.7272997 0.7477107 0.8297758 0.6692680 0.9146657 0.4975576 0.4803477 0.5191072 0.5974048 1.2905400 0.6050255 0.4640074 0.0000000 0.3869180 0.3724343 0.4007030 0.4221487 0.3295244 0.3258907 0.4593644 1.2188956 0.9460642 1.2058320 
26_1761318_1761704_Bicyclus_anynana_Bicyclus_anynana                    4.8180694 4.2392842 4.2409823 6.9155186 5.6958298 8.0398339 8.8558681 6.8469147 5.4176508 4.8744747 6.4270766 7.3296164 7.0669308 6.8459511 4.3909760 5.0699381 4.6394588 7.1595664 6.8829060 1.8091681 2.1689167 1.9709679 0.8872751 0.5224139 0.8135091 0.8891638 0.8125630 0.5216881 0.8648735 0.3972616 0.4050041 0.4988774 0.4669237 1.2151953 0.5105374 0.4289276 0.3869180 0.0000000 0.0103436 0.4316764 0.3983946 0.3926402 0.3769449 0.4433201 1.2866963 1.0561478 1.1140473 
26_1770472_1770858_Bicyclus_anynana_Bicyclus_anynana                    4.8585212 3.9863352 3.9813792 5.8709049 5.0539182 6.5150116 7.2133837 5.7638901 4.9203280 4.4931199 5.7023683 6.4017533 6.0222690 6.1022604 4.0180746 4.6976339 4.3551104 6.2691379 5.8432714 1.7539401 2.1689167 1.9709679 0.8983383 0.5258926 0.7786246 0.8466712 0.7898554 0.5021759 0.8311149 0.3821661 0.3897256 0.4816389 0.4503231 1.1791300 0.4930264 0.4134095 0.3724343 0.0103436 0.0000000 0.4157395 0.3811814 0.3774237 0.3613792 0.4251430 1.2490118 1.0155530 1.0820447 
Hmel219001o_9225653_9227382_Heliconius_melpomene_Heliconius_melpomene   4.7968293 3.3510940 3.2849973 5.7975977 3.6305145 5.4251059 6.3660082 4.6771157 4.3760272 4.2613173 5.2596562 4.5433313 5.0562223 5.4246853 4.4825723 4.8270513 4.6734452 6.1469463 5.4793121 1.7995733 1.9916764 2.0622185 0.7987124 0.6402348 0.7704242 0.7811278 0.8136742 0.6146849 0.9100820 0.4699039 0.4523215 0.4972611 0.6032058 1.4331038 0.6101229 0.5425053 0.4007030 0.4316764 0.4157395 0.0000000 0.3253648 0.2328386 0.2227052 0.3904511 1.3999012 0.9165490 1.2737964 
Hdem.Herato1905_119138_121616_Heliconius_erato_Heliconius_erato         4.7933306 3.9632450 4.0447597 7.0877561 3.4960700 4.7650301 5.8537645 4.2265588 4.0168897 4.8089827 5.1027393 4.8791500 5.1126477 6.1818473 4.5311053 5.7962439 4.5331059 5.9346173 4.5746733 1.9976975 2.0039993 1.7730546 1.0101744 0.6989976 0.9011034 0.8405332 0.8129472 0.5229708 0.8265679 0.5050737 0.5018450 0.6016288 0.6574529 1.7479372 0.6629181 0.5303469 0.4221487 0.3983946 0.3811814 0.3253648 0.0000000 0.2489697 0.2776781 0.1973511 1.6010682 1.4809584 1.4711496 
Hmel217001o_13896244_13900156_Heliconius_melpomene_Heliconius_melpomene 4.1821742 3.5363799 3.4094912 5.9125674 3.9372824 5.5363422 6.4060625 4.8260624 4.4052660 4.7185582 5.2307447 4.3908157 5.8556787 5.7274195 4.9780808 4.9045125 4.5542246 5.5580969 5.5219752 1.8044557 2.0958431 1.9928271 0.9034566 0.5862342 0.7931105 0.8124349 0.7890897 0.5768002 0.8129226 0.4407081 0.4242478 0.5169217 0.5725701 1.3748164 0.5717711 0.4562195 0.3295244 0.3926402 0.3774237 0.2328386 0.2489697 0.0000000 0.0906393 0.2291992 1.2803360 0.9822047 1.1932423 
17_17619722_17623137_Heliconius_sara_Heliconius_sara                    4.4212308 3.1429816 3.1844154 5.4819511 3.6777417 5.0972247 5.8915558 4.6728148 4.6775869 4.2667570 5.1212377 3.9310935 5.2789707 5.3168166 4.5913569 4.4266946 4.4469722 5.3684279 5.5843712 1.7112206 1.9490137 1.8666155 0.9970955 0.6743027 0.8501536 0.8799948 0.8223761 0.6135582 0.8105522 0.4639386 0.4465052 0.4855590 0.5644483 1.3768195 0.5847935 0.4646578 0.3258907 0.3769449 0.3613792 0.2227052 0.2776781 0.0906393 0.0000000 0.2089137 1.3212568 0.9779879 1.1471694 
Hdem.Herato1708_1468951_1476399_Heliconius_erato_Heliconius_erato       4.3231865 3.6886444 3.6898680 6.1947629 3.4242019 4.7547179 4.8763607 4.1381703 3.8821987 5.6667257 4.9616110 5.2531733 4.9903665 5.3843292 4.8707110 5.6777254 4.5101175 5.6916957 4.5492084 1.9055818 2.2725833 2.1053650 0.9793304 0.8115213 0.8273735 0.7950590 0.8747661 0.3130075 0.8043623 0.5187033 0.5137576 0.5951327 0.6832704 1.8636396 0.6823340 0.5451778 0.4593644 0.4433201 0.4251430 0.3904511 0.1973511 0.2291992 0.2089137 0.0000000 1.4929710 1.4085206 1.3245830 
5_6627228_6628458_Danaus_plexippus_Danaus_plexippus                     4.8179773 6.8755861 5.1561758 4.9343341 7.5540879 8.9999989 9.0000000 8.9999990 8.9999984 8.2192630 6.0025580 6.8984694 7.0034535 6.8558058 4.9413724 8.9999987 5.4820733 6.8337192 8.9999983 2.3623194 5.0962813 6.6813593 1.1440051 1.5327739 1.0898411 1.2115794 1.4627448 1.5673359 2.2446055 1.3309938 1.3286180 1.3052005 1.4544685 1.7518568 1.4352313 1.1326065 1.2188956 1.2866963 1.2490118 1.3999012 1.6010682 1.2803360 1.3212568 1.4929710 0.0000000 0.9172280 0.8295467 
19_4635930_4637889_Danaus_plexippus_Danaus_plexippus                    5.4913060 5.1657712 4.6133817 5.1771696 7.0107815 9.0000000 8.6581597 7.3787967 6.7492015 6.4252532 8.9999984 9.0000000 6.8897245 5.3874754 6.4022127 7.4079628 5.0856213 7.4167822 7.2562219 1.5369637 8.9999985 8.9999988 0.9881466 1.2816877 1.1465813 1.3333326 1.0919229 1.1682179 1.1943797 0.8378319 0.7736872 0.9080520 0.9668928 1.1710301 0.9735977 0.9671906 0.9460642 1.0561478 1.0155530 0.9165490 1.4809584 0.9822047 0.9779879 1.4085206 0.9172280 0.0000000 0.7221834 
3_9907807_9909865_Heliconius_sara_Heliconius_sara                       6.0994369 5.4323869 4.0473509 4.4201860 5.3152590 6.4541439 6.9857630 6.3061634 6.0035671 5.1744133 6.7818262 8.9187116 5.0879406 4.9292303 5.8089083 5.4367098 4.2364818 5.2122834 5.2479953 2.3251404 5.0855909 6.2308853 1.0577725 1.5880987 1.0739165 1.1851563 1.3467686 1.3212414 1.7045556 1.1261944 1.1411212 1.2330903 1.2083222 1.7125883 1.2020374 1.1093578 1.2058320 1.1140473 1.0820447 1.2737964 1.4711496 1.1932423 1.1471694 1.3245830 0.8295467 0.7221834 0.0000000 
