43
Hmel203003o_7514658_7515355_Heliconius_melpomene_Heliconius_melpomene   0.0000000 1.0486762 3.7483188 4.8553244 5.9570959 5.9626739 4.2420090 2.1251762 2.1166811 2.1486093 6.2527537 2.1422189 2.4020959 2.2480513 2.1097305 2.0505607 2.4377468 1.9989744 2.1050470 2.1050470 2.1742367 1.9376413 2.1965346 2.2167614 2.1077350 7.1709787 5.2544894 5.7269736 6.5973481 5.4203247 6.1006332 5.7680822 5.1052585 5.7214695 5.6288128 4.7910810 5.5613946 5.3787034 6.5966419 7.6273806 7.5333370 6.8007603 6.1980578 
Hdem.Herato0310_6125543_6127103_Heliconius_erato_Heliconius_erato       1.0486762 0.0000000 4.3744769 5.8319975 4.3919583 4.3009300 3.7934282 2.1291385 2.2660753 2.3662601 8.5666389 2.1246308 2.1702585 2.0377132 2.3925677 2.3925677 2.6021915 2.1633719 2.2354896 2.2354896 2.4228710 1.8468056 2.3831577 2.6850805 1.9040586 8.9999987 9.0000000 7.0638305 8.0837015 5.2350668 6.4349268 6.5623348 5.8306190 9.0000000 5.4297509 7.3193684 6.8632647 8.6555650 8.5257531 8.3712035 7.1928410 9.0000000 8.7564454 
5_6627228_6628458_Danaus_plexippus_Danaus_plexippus                     3.7483188 4.3744769 0.0000000 0.7041519 1.3306186 1.5193875 1.8900557 2.0058464 1.7463051 1.9667159 2.0988517 1.9348502 2.5101537 2.3624977 2.0623176 2.0180673 1.6747948 1.6962589 1.8025627 1.7814658 2.1131103 2.1058407 1.8199566 1.4994394 2.0772986 6.9688904 5.8715899 4.3229122 4.8660181 5.4817646 5.0593932 3.8370498 4.6890294 4.3815673 5.6626250 4.5945508 7.1184464 5.3404867 5.6805151 5.6320378 5.9684019 5.5317163 4.4931526 
3_9907807_9909865_Heliconius_sara_Heliconius_sara                       4.8553244 5.8319975 0.7041519 0.0000000 1.0345646 0.9889053 1.2879892 1.5583710 1.2460404 1.2994081 1.9448892 1.3586673 2.0363165 1.4912720 1.3210687 1.3210687 1.2571951 1.4739199 1.2688119 1.2572356 1.3896937 1.5221954 1.3188709 1.3547880 1.4170123 5.5196134 5.3938324 4.5697705 4.8246669 5.4465914 5.1175413 4.9141045 4.0126372 4.2441141 5.2507380 4.5681329 5.6902293 5.3578598 4.5738878 4.0085575 4.3669964 4.4339856 3.9840223 
4_2910901_2917348_Danaus_plexippus_Danaus_plexippus                     5.9570959 4.3919583 1.3306186 1.0345646 0.0000000 0.6280931 0.8829824 1.4675979 1.4809083 1.2134316 1.4291456 1.1358251 1.4442523 1.2321105 1.1699287 1.1730432 1.2066422 1.1236668 1.2205825 1.2793831 1.0862174 1.3399499 1.2177301 0.8003952 1.3152966 7.4919281 8.6345273 4.6795673 7.4121199 6.8740866 6.6396825 6.1049600 6.1570716 6.5394834 8.9999985 6.1452677 7.4419313 6.8518683 6.3861951 5.8434525 8.7669628 7.3609028 5.2270614 
Hmel219001o_12794124_12797499_Heliconius_melpomene_Heliconius_melpomene 5.9626739 4.3009300 1.5193875 0.9889053 0.6280931 0.0000000 0.6356914 1.3566418 1.2616154 1.0421537 1.2957715 0.9305694 1.3675539 1.0747640 0.9606056 0.9610703 1.0013791 0.9221546 1.0991808 1.0702602 0.9050001 1.1798143 1.0077025 0.6830438 1.1803851 5.3481593 6.5428578 6.3404237 6.3627123 7.0763947 5.8178907 7.2060310 6.0012007 5.4767719 6.3610788 4.9677187 8.4855893 5.6527223 6.0548557 5.5058851 7.9660108 6.1701541 4.2500264 
Hdem.Herato1910_471485_475096_Heliconius_erato_Heliconius_erato         4.2420090 3.7934282 1.8900557 1.2879892 0.8829824 0.6356914 0.0000000 1.4043241 1.4859646 1.1886330 1.6072403 1.0558420 1.4098812 1.0946903 1.1427260 1.1383474 0.9863658 1.1520177 1.3574144 1.3049002 1.1790342 1.1764685 1.3169347 0.8513605 1.2002158 7.1290631 7.6874330 7.0504315 8.9999985 5.7853951 7.3404227 6.0145255 8.9999981 7.5028450 8.9999987 5.9418370 8.8593093 7.4254506 8.4342885 6.9935030 9.0000000 8.0686908 5.3421689 
9_11893838_11906109_Bicyclus_anynana_Bicyclus_anynana                   2.1251762 2.1291385 2.0058464 1.5583710 1.4675979 1.3566418 1.4043241 0.0000000 0.6906129 0.4979646 1.6397372 0.4714434 1.0402202 0.9376634 0.6699352 0.7172832 1.1534579 1.0047787 1.0368466 1.0282641 0.9480750 1.0533706 0.9450032 0.7845109 1.0745519 5.3418620 5.6230627 4.2435336 5.1496150 5.6303873 5.3491980 5.8782688 5.7076570 5.3376227 4.8890110 4.6868791 5.8073431 5.2546209 5.2819245 5.5306161 5.3632133 5.2947835 4.8628661 
9_11976956_11979833_Bicyclus_anynana_Bicyclus_anynana                   2.1166811 2.2660753 1.7463051 1.2460404 1.4809083 1.2616154 1.4859646 0.6906129 0.0000000 0.3690756 1.2792312 0.3095113 1.1511270 0.8270073 0.5008616 0.5039150 0.7425146 0.6242327 0.6212181 0.6186749 0.5743447 0.7924237 0.6076576 0.5570296 0.7219618 5.6426216 4.7215834 4.1916327 4.4112331 5.7917452 5.0598947 5.4650277 4.7097888 4.3267354 4.2028292 3.4572974 5.0984780 4.5258883 5.3363468 5.3348083 4.7936340 5.3276788 4.5606533 
4_3035137_3035556_Danaus_plexippus_Danaus_plexippus                     2.1486093 2.3662601 1.9667159 1.2994081 1.2134316 1.0421537 1.1886330 0.4979646 0.3690756 0.0000000 1.2088044 0.0796550 0.8494852 0.5596332 0.3259422 0.3279128 0.6756984 0.7116664 0.5571136 0.5528353 0.6819376 0.8858741 0.6589001 0.6583033 0.8124067 5.4790245 5.0035417 4.0736526 4.6760207 5.4013219 5.2496591 5.5075554 5.1828931 4.4160869 4.4741847 4.3661850 5.0003931 5.2949201 5.6193675 5.1311220 5.5326815 5.5467918 4.9484277 
19_16088965_16222519_Heliconius_sara_Heliconius_sara                    6.2527537 8.5666389 2.0988517 1.9448892 1.4291456 1.2957715 1.6072403 1.6397372 1.2792312 1.2088044 0.0000000 1.1682607 3.3160586 1.7487135 1.4393479 1.4393479 1.5740366 1.6103197 1.6067493 1.5853037 1.6977322 1.8372457 1.5309828 1.4907654 1.8172084 3.1475722 1.8265287 1.7503731 1.7331247 1.8983981 1.6047894 1.9184635 1.8611154 1.8905386 1.7071020 1.2837998 1.3556347 1.0449405 1.6377506 2.2666939 1.9314165 1.6437339 1.5731976 
9_11911587_11959553_Bicyclus_anynana_Bicyclus_anynana                   2.1422189 2.1246308 1.9348502 1.3586673 1.1358251 0.9305694 1.0558420 0.4714434 0.3095113 0.0796550 1.1682607 0.0000000 0.8622000 0.5995598 0.3516680 0.3538018 0.6942203 0.7235691 0.6168678 0.6143479 0.6920103 0.8972534 0.6663913 0.6669229 0.8229007 5.5737346 5.1888494 4.4715852 4.8473114 5.8971753 5.3442437 5.7411531 5.2885678 4.6530845 4.5333114 4.2473137 5.4939018 5.4070501 5.6079106 5.3070857 5.6409182 5.5176298 4.9421528 
19_14542867_14544187_Heliconius_sara_Heliconius_sara                    2.4020959 2.1702585 2.5101537 2.0363165 1.4442523 1.3675539 1.4098812 1.0402202 1.1511270 0.8494852 3.3160586 0.8622000 0.0000000 0.3474950 0.3926880 0.3926880 1.2812036 1.2310014 1.1199315 1.0643818 1.1741023 1.0495037 1.0537656 1.1578344 0.9802395 4.5260569 6.4785262 3.8314721 5.0003684 4.5034051 4.2379701 4.3248335 3.2698209 4.5266412 4.1955630 4.4605795 5.0096281 4.4818372 4.3596692 4.7705482 3.9403194 4.5485113 4.5600423 
Hdem.Herato1908_1594398_1597449_Heliconius_erato_Heliconius_erato       2.2480513 2.0377132 2.3624977 1.4912720 1.2321105 1.0747640 1.0946903 0.9376634 0.8270073 0.5596332 1.7487135 0.5995598 0.3474950 0.0000000 0.1518411 0.1498197 0.8455608 0.8210994 0.6481560 0.6442248 0.7143575 0.5884004 0.6825733 0.4718293 0.3502450 5.9692977 4.2043425 5.3178519 4.9314188 5.0243463 4.6896451 4.8886763 5.0298486 6.9048566 5.5327126 4.1681995 5.7948587 4.5050385 4.7798654 4.5862990 5.1219286 4.6691855 3.9807607 
Hmel219001o_11482073_11485032_Heliconius_melpomene_Heliconius_melpomene 2.1097305 2.3925677 2.0623176 1.3210687 1.1699287 0.9606056 1.1427260 0.6699352 0.5008616 0.3259422 1.4393479 0.3516680 0.3926880 0.1518411 0.0000000 0.0204776 0.5994628 0.5572908 0.4673002 0.4680272 0.5142138 0.6181929 0.4924814 0.4330704 0.5813302 5.3570114 4.1069533 4.3236190 4.7806010 5.1457713 4.9480369 5.4137165 4.6027579 4.4283800 4.4233267 3.8114908 5.1790573 4.7840598 4.9352503 4.8944923 4.9717999 4.9696831 4.2452322 
9_9009342_9017866_Bicyclus_anynana_Bicyclus_anynana                     2.0505607 2.3925677 2.0180673 1.3210687 1.1730432 0.9610703 1.1383474 0.7172832 0.5039150 0.3279128 1.4393479 0.3538018 0.3926880 0.1498197 0.0204776 0.0000000 0.6211384 0.5352030 0.4756894 0.4763832 0.4925923 0.6216971 0.4715888 0.4330704 0.5763170 5.2995709 4.1648903 4.4127645 4.7381446 5.2268336 4.9480369 5.3313893 4.6759884 4.6361971 4.5280081 3.7604629 5.1425093 4.7840598 4.9352503 4.8944923 5.1099262 4.9696831 4.2452322 
26_1782282_1782689_Bicyclus_anynana_Bicyclus_anynana                    2.4377468 2.6021915 1.6747948 1.2571951 1.2066422 1.0013791 0.9863658 1.1534579 0.7425146 0.6756984 1.5740366 0.6942203 1.2812036 0.8455608 0.5994628 0.6211384 0.0000000 0.5899644 0.5137655 0.5129583 0.6902782 0.7817637 0.5774487 0.5143370 0.6898280 6.5955288 5.6554705 3.6628413 5.1633545 5.5896371 5.4729669 5.7309713 5.2434896 5.2517544 4.3218646 4.7038075 5.8671037 5.6096319 5.8950457 5.3022622 5.4262736 5.6152861 4.4857388 
JAEQBL010000033.1_829243_833250_Danaus_plexippus_Danaus_plexippus       1.9989744 2.1633719 1.6962589 1.4739199 1.1236668 0.9221546 1.1520177 1.0047787 0.6242327 0.7116664 1.6103197 0.7235691 1.2310014 0.8210994 0.5572908 0.5352030 0.5899644 0.0000000 0.4726955 0.4733829 0.5121826 0.6022258 0.4224254 0.3992741 0.5699530 4.9819426 4.4782302 4.7793499 5.0051286 4.4795916 3.8407825 4.6109218 4.3563859 4.2630345 3.5595023 3.5741195 4.3800508 3.9618710 4.3331289 5.7041729 5.4179450 5.2618173 4.1817646 
26_1761318_1761704_Bicyclus_anynana_Bicyclus_anynana                    2.1050470 2.2354896 1.8025627 1.2688119 1.2205825 1.0991808 1.3574144 1.0368466 0.6212181 0.5571136 1.6067493 0.6168678 1.1199315 0.6481560 0.4673002 0.4756894 0.5137655 0.4726955 0.0000000 0.0106330 0.5103222 0.5359318 0.4610879 0.3508017 0.5199337 6.6469478 5.0247061 4.3700095 5.6241904 5.6015696 4.8710304 5.7354741 4.8653622 5.8147898 4.6476496 4.1498929 5.4728568 4.6617439 5.5943009 5.0643264 6.1257397 5.4760867 4.4585287 
26_1770472_1770858_Bicyclus_anynana_Bicyclus_anynana                    2.1050470 2.2354896 1.7814658 1.2572356 1.2793831 1.0702602 1.3049002 1.0282641 0.6186749 0.5528353 1.5853037 0.6143479 1.0643818 0.6442248 0.4680272 0.4763832 0.5129583 0.4733829 0.0106330 0.0000000 0.5101345 0.5363969 0.4611772 0.3514948 0.5204824 6.1844389 4.8012204 4.2045037 5.2532469 5.3337023 4.5392453 5.4657826 4.6298297 5.2993465 4.4937940 4.0349994 5.2143101 4.3644329 5.1437037 4.6940917 5.7974662 5.0325245 4.2076513 
Hmel219001o_9225653_9226926_Heliconius_melpomene_Heliconius_melpomene   2.1742367 2.4228710 2.1131103 1.3896937 1.0862174 0.9050001 1.1790342 0.9480750 0.5743447 0.6819376 1.6977322 0.6920103 1.1741023 0.7143575 0.5142138 0.4925923 0.6902782 0.5121826 0.5103222 0.5101345 0.0000000 0.4099536 0.2191641 0.2750813 0.4362145 5.5795935 4.0396464 4.4516565 4.8285729 5.2428701 4.6033034 4.9782708 4.7914649 4.9986590 4.3099700 3.7727417 5.1947268 4.2500903 4.4262701 5.2140714 5.5711867 5.6695088 4.5467276 
Hdem.Herato1905_119138_121616_Heliconius_erato_Heliconius_erato         1.9376413 1.8468056 2.1058407 1.5221954 1.3399499 1.1798143 1.1764685 1.0533706 0.7924237 0.8858741 1.8372457 0.8972534 1.0495037 0.5884004 0.6181929 0.6216971 0.7817637 0.6022258 0.5359318 0.5363969 0.4099536 0.0000000 0.3114580 0.1575724 0.1805290 4.8370626 4.2955714 5.3212799 4.4475575 4.7356530 3.9401710 4.3673429 4.3967074 5.5326690 4.5938746 3.6184423 5.1418495 3.5884031 4.0243827 4.6618335 5.5869068 4.8383132 3.9812304 
Hmel217001o_13896244_13900156_Heliconius_melpomene_Heliconius_melpomene 2.1965346 2.3831577 1.8199566 1.3188709 1.2177301 1.0077025 1.3169347 0.9450032 0.6076576 0.6589001 1.5309828 0.6663913 1.0537656 0.6825733 0.4924814 0.4715888 0.5774487 0.4224254 0.4610879 0.4611772 0.2191641 0.3114580 0.0000000 0.1271410 0.2665557 5.4941494 4.0636563 4.4386084 4.6183735 5.3718576 4.5784882 4.9973725 5.1771512 4.8059215 3.9635701 4.0248265 5.4175685 4.4088148 4.8212496 5.2830497 5.4686800 5.4678701 4.4409211 
17_17619722_17623137_Heliconius_sara_Heliconius_sara                    2.2167614 2.6850805 1.4994394 1.3547880 0.8003952 0.6830438 0.8513605 0.7845109 0.5570296 0.6583033 1.4907654 0.6669229 1.1578344 0.4718293 0.4330704 0.4330704 0.5143370 0.3992741 0.3508017 0.3514948 0.2750813 0.1575724 0.1271410 0.0000000 0.1094071 4.8337763 4.3303092 4.2518240 4.4979913 4.6322139 4.4035136 4.3993788 4.5853462 4.4991017 4.1515440 3.7910701 4.8344022 4.2956850 4.4421606 5.1182312 5.1875863 5.1676614 4.4450038 
Hdem.Herato1708_1468951_1476399_Heliconius_erato_Heliconius_erato       2.1077350 1.9040586 2.0772986 1.4170123 1.3152966 1.1803851 1.2002158 1.0745519 0.7219618 0.8124067 1.8172084 0.8229007 0.9802395 0.3502450 0.5813302 0.5763170 0.6898280 0.5699530 0.5199337 0.5204824 0.4362145 0.1805290 0.2665557 0.1094071 0.0000000 5.2503624 4.1547649 5.1421489 4.4663305 4.7011317 3.9200899 4.1930556 4.9719703 6.2776249 4.0135601 3.6324575 5.0782003 3.5784239 4.0384462 4.6100345 5.1975806 4.8117505 3.9306867 
Hmel219001o_12473769_12791778_Heliconius_melpomene_Heliconius_melpomene 7.1709787 8.9999987 6.9688904 5.5196134 7.4919281 5.3481593 7.1290631 5.3418620 5.6426216 5.4790245 3.1475722 5.5737346 4.5260569 5.9692977 5.3570114 5.2995709 6.5955288 4.9819426 6.6469478 6.1844389 5.5795935 4.8370626 5.4941494 4.8337763 5.2503624 0.0000000 2.8728043 1.9954362 2.0887653 2.1775763 1.9852309 2.6524318 1.7234737 1.8283196 2.3450957 2.0093280 2.2226163 1.5865754 1.0249180 1.7809685 1.8408527 1.7347281 1.8480526 
17_9940091_10139416_Bicyclus_anynana_Bicyclus_anynana                   5.2544894 9.0000000 5.8715899 5.3938324 8.6345273 6.5428578 7.6874330 5.6230627 4.7215834 5.0035417 1.8265287 5.1888494 6.4785262 4.2043425 4.1069533 4.1648903 5.6554705 4.4782302 5.0247061 4.8012204 4.0396464 4.2955714 4.0636563 4.3303092 4.1547649 2.8728043 0.0000000 2.1932616 1.8519767 2.0511655 1.4025470 2.1932531 2.8133190 2.6743889 2.3166261 1.9211930 2.4133979 1.4494702 1.4620592 1.2662476 1.5964760 1.0460321 1.1588842 
10_4647969_4650067_Bicyclus_anynana_Bicyclus_anynana                    5.7269736 7.0638305 4.3229122 4.5697705 4.6795673 6.3404237 7.0504315 4.2435336 4.1916327 4.0736526 1.7503731 4.4715852 3.8314721 5.3178519 4.3236190 4.4127645 3.6628413 4.7793499 4.3700095 4.2045037 4.4516565 5.3212799 4.4386084 4.2518240 5.1421489 1.9954362 2.1932616 0.0000000 1.0698298 1.5014757 0.6730769 1.1964016 1.7237031 1.3376770 1.3891575 1.4420522 1.7611620 0.8401464 0.9698372 1.1679383 1.3561383 0.8794369 0.9812475 
14_9790506_9795341_Bicyclus_anynana_Bicyclus_anynana                    6.5973481 8.0837015 4.8660181 4.8246669 7.4121199 6.3627123 8.9999985 5.1496150 4.4112331 4.6760207 1.7331247 4.8473114 5.0003684 4.9314188 4.7806010 4.7381446 5.1633545 5.0051286 5.6241904 5.2532469 4.8285729 4.4475575 4.6183735 4.4979913 4.4663305 2.0887653 1.8519767 1.0698298 0.0000000 0.6535431 0.1478615 0.3704597 1.1998115 1.0577164 1.3260037 1.1853044 1.5665811 0.7207792 0.8227275 1.1975629 1.0116827 0.7901304 0.9518865 
Hmel212001o_12442158_12444063_Heliconius_melpomene_Heliconius_melpomene 5.4203247 5.2350668 5.4817646 5.4465914 6.8740866 7.0763947 5.7853951 5.6303873 5.7917452 5.4013219 1.8983981 5.8971753 4.5034051 5.0243463 5.1457713 5.2268336 5.5896371 4.4795916 5.6015696 5.3337023 5.2428701 4.7356530 5.3718576 4.6322139 4.7011317 2.1775763 2.0511655 1.5014757 0.6535431 0.0000000 0.0538986 0.4621352 1.6838020 1.6311710 1.8300624 1.4233761 1.0214992 0.7746572 0.9308493 1.2843916 1.5652891 1.1591273 1.2149040 
Hdem.Herato1202_15814310_15816301_Heliconius_erato_Heliconius_erato     6.1006332 6.4349268 5.0593932 5.1175413 6.6396825 5.8178907 7.3404227 5.3491980 5.0598947 5.2496591 1.6047894 5.3442437 4.2379701 4.6896451 4.9480369 4.9480369 5.4729669 3.8407825 4.8710304 4.5392453 4.6033034 3.9401710 4.5784882 4.4035136 3.9200899 1.9852309 1.4025470 0.6730769 0.1478615 0.0538986 0.0000000 0.0149179 0.7393547 0.6953257 0.8196629 0.6880568 1.0525815 0.6828061 0.8910884 1.6109705 0.6212809 1.0740962 1.0262485 
12_15302160_15303779_Heliconius_sara_Heliconius_sara                    5.7680822 6.5623348 3.8370498 4.9141045 6.1049600 7.2060310 6.0145255 5.8782688 5.4650277 5.5075554 1.9184635 5.7411531 4.3248335 4.8886763 5.4137165 5.3313893 5.7309713 4.6109218 5.7354741 5.4657826 4.9782708 4.3673429 4.9973725 4.3993788 4.1930556 2.6524318 2.1932531 1.1964016 0.3704597 0.4621352 0.0149179 0.0000000 1.4995203 1.4534337 1.5766252 1.2398968 1.6592118 0.7250448 0.9034875 1.6998286 1.3034402 1.1333383 1.2099819 
25_5192027_5193183_Bicyclus_anynana_Bicyclus_anynana                    5.1052585 5.8306190 4.6890294 4.0126372 6.1570716 6.0012007 8.9999981 5.7076570 4.7097888 5.1828931 1.8611154 5.2885678 3.2698209 5.0298486 4.6027579 4.6759884 5.2434896 4.3563859 4.8653622 4.6298297 4.7914649 4.3967074 5.1771512 4.5853462 4.9719703 1.7234737 2.8133190 1.7237031 1.1998115 1.6838020 0.7393547 1.4995203 0.0000000 1.5717335 1.3388155 1.4380814 1.5285328 0.6615174 0.8519113 1.0663757 1.1572747 0.8395759 1.0246590 
4_2949442_2950575_Danaus_plexippus_Danaus_plexippus                     5.7214695 9.0000000 4.3815673 4.2441141 6.5394834 5.4767719 7.5028450 5.3376227 4.3267354 4.4160869 1.8905386 4.6530845 4.5266412 6.9048566 4.4283800 4.6361971 5.2517544 4.2630345 5.8147898 5.2993465 4.9986590 5.5326690 4.8059215 4.4991017 6.2776249 1.8283196 2.6743889 1.3376770 1.0577164 1.6311710 0.6953257 1.4534337 1.5717335 0.0000000 1.1341067 1.2404209 1.8493341 0.5466451 0.7519707 1.3440588 1.3382122 0.8508190 0.8448563 
4_4514840_4519652_Danaus_plexippus_Danaus_plexippus                     5.6288128 5.4297509 5.6626250 5.2507380 8.9999985 6.3610788 8.9999987 4.8890110 4.2028292 4.4741847 1.7071020 4.5333114 4.1955630 5.5327126 4.4233267 4.5280081 4.3218646 3.5595023 4.6476496 4.4937940 4.3099700 4.5938746 3.9635701 4.1515440 4.0135601 2.3450957 2.3166261 1.3891575 1.3260037 1.8300624 0.8196629 1.5766252 1.3388155 1.1341067 0.0000000 0.7514807 1.2646309 0.3538352 1.1393571 1.7226083 1.4041627 1.0862525 1.1133749 
19_16219686_16222573_Heliconius_sara_Heliconius_sara                    4.7910810 7.3193684 4.5945508 4.5681329 6.1452677 4.9677187 5.9418370 4.6868791 3.4572974 4.3661850 1.2837998 4.2473137 4.4605795 4.1681995 3.8114908 3.7604629 4.7038075 3.5741195 4.1498929 4.0349994 3.7727417 3.6184423 4.0248265 3.7910701 3.6324575 2.0093280 1.9211930 1.4420522 1.1853044 1.4233761 0.6880568 1.2398968 1.4380814 1.2404209 0.7514807 0.0000000 0.6142678 0.0144623 0.7513692 1.5869533 1.4435090 1.0436940 0.9185746 
Hmel219001o_12886927_12890226_Heliconius_melpomene_Heliconius_melpomene 5.5613946 6.8632647 7.1184464 5.6902293 7.4419313 8.4855893 8.8593093 5.8073431 5.0984780 5.0003931 1.3556347 5.4939018 5.0096281 5.7948587 5.1790573 5.1425093 5.8671037 4.3800508 5.4728568 5.2143101 5.1947268 5.1418495 5.4175685 4.8344022 5.0782003 2.2226163 2.4133979 1.7611620 1.5665811 1.0214992 1.0525815 1.6592118 1.5285328 1.8493341 1.2646309 0.6142678 0.0000000 0.2390840 0.9516622 1.3136196 1.8581288 1.4266866 1.2985121 
Hdem.Herato1910_598751_601898_Heliconius_erato_Heliconius_erato         5.3787034 8.6555650 5.3404867 5.3578598 6.8518683 5.6527223 7.4254506 5.2546209 4.5258883 5.2949201 1.0449405 5.4070501 4.4818372 4.5050385 4.7840598 4.7840598 5.6096319 3.9618710 4.6617439 4.3644329 4.2500903 3.5884031 4.4088148 4.2956850 3.5784239 1.5865754 1.4494702 0.8401464 0.7207792 0.7746572 0.6828061 0.7250448 0.6615174 0.5466451 0.3538352 0.0144623 0.2390840 0.0000000 0.7819406 1.5353815 0.7483378 1.0062119 0.8601310 
Hdem.Herato1910_447828_521981_Heliconius_erato_Heliconius_erato         6.5966419 8.5257531 5.6805151 4.5738878 6.3861951 6.0548557 8.4342885 5.2819245 5.3363468 5.6193675 1.6377506 5.6079106 4.3596692 4.7798654 4.9352503 4.9352503 5.8950457 4.3331289 5.5943009 5.1437037 4.4262701 4.0243827 4.8212496 4.4421606 4.0384462 1.0249180 1.4620592 0.9698372 0.8227275 0.9308493 0.8910884 0.9034875 0.8519113 0.7519707 1.1393571 0.7513692 0.9516622 0.7819406 0.0000000 1.3107298 0.7045128 0.8410041 0.7494645 
Hmel204001o_5259657_5261873_Heliconius_melpomene_Heliconius_melpomene   7.6273806 8.3712035 5.6320378 4.0085575 5.8434525 5.5058851 6.9935030 5.5306161 5.3348083 5.1311220 2.2666939 5.3070857 4.7705482 4.5862990 4.8944923 4.8944923 5.3022622 5.7041729 5.0643264 4.6940917 5.2140714 4.6618335 5.2830497 5.1182312 4.6100345 1.7809685 1.2662476 1.1679383 1.1975629 1.2843916 1.6109705 1.6998286 1.0663757 1.3440588 1.7226083 1.5869533 1.3136196 1.5353815 1.3107298 0.0000000 0.5732079 0.5695083 0.5431160 
17_10136128_10138102_Bicyclus_anynana_Bicyclus_anynana                  7.5333370 7.1928410 5.9684019 4.3669964 8.7669628 7.9660108 9.0000000 5.3632133 4.7936340 5.5326815 1.9314165 5.6409182 3.9403194 5.1219286 4.9717999 5.1099262 5.4262736 5.4179450 6.1257397 5.7974662 5.5711867 5.5869068 5.4686800 5.1875863 5.1975806 1.8408527 1.5964760 1.3561383 1.0116827 1.5652891 0.6212809 1.3034402 1.1572747 1.3382122 1.4041627 1.4435090 1.8581288 0.7483378 0.7045128 0.5732079 0.0000000 0.2148790 0.3339587 
Hdem.Herato0411_2654010_2658804_Heliconius_erato_Heliconius_erato       6.8007603 9.0000000 5.5317163 4.4339856 7.3609028 6.1701541 8.0686908 5.2947835 5.3276788 5.5467918 1.6437339 5.5176298 4.5485113 4.6691855 4.9696831 4.9696831 5.6152861 5.2618173 5.4760867 5.0325245 5.6695088 4.8383132 5.4678701 5.1676614 4.8117505 1.7347281 1.0460321 0.8794369 0.7901304 1.1591273 1.0740962 1.1333383 0.8395759 0.8508190 1.0862525 1.0436940 1.4266866 1.0062119 0.8410041 0.5695083 0.2148790 0.0000000 0.0620007 
4_7088664_7091110_Heliconius_sara_Heliconius_sara                       6.1980578 8.7564454 4.4931526 3.9840223 5.2270614 4.2500264 5.3421689 4.8628661 4.5606533 4.9484277 1.5731976 4.9421528 4.5600423 3.9807607 4.2452322 4.2452322 4.4857388 4.1817646 4.4585287 4.2076513 4.5467276 3.9812304 4.4409211 4.4450038 3.9306867 1.8480526 1.1588842 0.9812475 0.9518865 1.2149040 1.0262485 1.2099819 1.0246590 0.8448563 1.1133749 0.9185746 1.2985121 0.8601310 0.7494645 0.5431160 0.3339587 0.0620007 0.0000000 
